 TIME                    	Power                    	Power                    	
  +0.0000000000000000E+00	  +0.0000000000000000E+00	  +1.0000000000000000E+02	
  +5.0000000000000003E-02	  +3.0000000000000000E+01	  +5.0000000000000000E+01	
  +1.0000000000000001E-01	  +3.0000000000000000E+01	  +5.0000000000000000E+01	
  +1.4999999999999999E-01	  +3.0000000000000000E+01	  +5.0000000000000000E+01	
  +2.0000000000000001E-01	  +3.0000000000000000E+01	  +5.0000000000000000E+01	
  +2.5000000000000000E-01	  +3.0000000000000000E+01	  +5.0000000000000000E+01	
  +2.9999999999999999E-01	  +3.0000000000000000E+01	  +5.0000000000000000E+01	
  +3.4999999999999998E-01	  +3.0000000000000000E+01	  +5.0000000000000000E+01	
  +4.0000000000000002E-01	  +3.0000000000000000E+01	  +5.0000000000000000E+01	
  +4.5000000000000001E-01	  +3.0000000000000000E+01	  +5.0000000000000000E+01	
  +5.0000000000000000E-01	  +3.0000000000000000E+01	  +5.0000000000000000E+01	
  +5.5000000000000004E-01	  +3.0000000000000000E+01	  +5.0000000000000000E+01	
  +5.9999999999999998E-01	  +3.0000000000000000E+01	  +5.0000000000000000E+01	
  +6.5000000000000002E-01	  +3.0000000000000000E+01	  +5.0000000000000000E+01	
  +6.9999999999999996E-01	  +3.0000000000000000E+01	  +5.0000000000000000E+01	
  +7.5000000000000000E-01	  +3.0000000000000000E+01	  +5.0000000000000000E+01	
  +8.0000000000000004E-01	  +3.0000000000000000E+01	  +5.0000000000000000E+01	
  +8.4999999999999998E-01	  +3.0000000000000000E+01	  +5.0000000000000000E+01	
  +9.0000000000000002E-01	  +3.0000000000000000E+01	  +5.0000000000000000E+01	
  +9.4999999999999996E-01	  +3.0000000000000000E+01	  +5.0000000000000000E+01	
  +1.0000000000000000E+00	  +3.0000000000000000E+01	  +5.0000000000000000E+01	
  +1.0500000000000000E+00	  +3.0000000000000000E+01	  +5.0000000000000000E+01	
  +1.1000000000000001E+00	  +3.0000000000000000E+01	  +5.0000000000000000E+01	
  +1.1499999999999999E+00	  +3.0000000000000000E+01	  +5.0000000000000000E+01	
  +1.2000000000000000E+00	  +3.0000000000000000E+01	  +5.0000000000000000E+01	
  +1.2500000000000000E+00	  +3.0000000000000000E+01	  +5.0000000000000000E+01	
  +1.3000000000000000E+00	  +3.0000000000000000E+01	  +5.0000000000000000E+01	
  +1.3500000000000001E+00	  +3.0000000000000000E+01	  +5.0000000000000000E+01	
  +1.3999999999999999E+00	  +3.0000000000000000E+01	  +5.0000000000000000E+01	
  +1.4500000000000000E+00	  +3.0000000000000000E+01	  +5.0000000000000000E+01	
  +1.5000000000000000E+00	  +3.0000000000000000E+01	  +5.0000000000000000E+01	
  +1.5500000000000000E+00	  +3.0000000000000000E+01	  +5.0000000000000000E+01	
  +1.6000000000000001E+00	  +3.0000000000000000E+01	  +5.0000000000000000E+01	
  +1.6499999999999999E+00	  +3.0000000000000000E+01	  +5.0000000000000000E+01	
  +1.7000000000000000E+00	  +3.0000000000000000E+01	  +5.0000000000000000E+01	
  +1.7500000000000000E+00	  +3.0000000000000000E+01	  +5.0000000000000000E+01	
  +1.8000000000000000E+00	  +3.0000000000000000E+01	  +5.0000000000000000E+01	
  +1.8500000000000001E+00	  +3.0000000000000000E+01	  +5.0000000000000000E+01	
  +1.8999999999999999E+00	  +3.0000000000000000E+01	  +5.0000000000000000E+01	
  +1.9500000000000000E+00	  +3.0000000000000000E+01	  +5.0000000000000000E+01	
  +2.0000000000000000E+00	  +3.0000000000000000E+01	  +5.0000000000000000E+01	
  +2.0499999999999998E+00	  +3.0000000000000000E+01	  +5.0000000000000000E+01	
  +2.1000000000000001E+00	  +3.0000000000000000E+01	  +5.0000000000000000E+01	
  +2.1499999999999999E+00	  +3.0000000000000000E+01	  +5.0000000000000000E+01	
  +2.2000000000000002E+00	  +3.0000000000000000E+01	  +5.0000000000000000E+01	
  +2.2500000000000000E+00	  +3.0000000000000000E+01	  +5.0000000000000000E+01	
  +2.2999999999999998E+00	  +3.0000000000000000E+01	  +5.0000000000000000E+01	
  +2.3500000000000001E+00	  +3.0000000000000000E+01	  +5.0000000000000000E+01	
  +2.3999999999999999E+00	  +3.0000000000000000E+01	  +5.0000000000000000E+01	
  +2.4500000000000002E+00	  +3.0000000000000000E+01	  +5.0000000000000000E+01	
  +2.5000000000000000E+00	  +3.0000000000000000E+01	  +5.0000000000000000E+01	
  +2.5499999999999998E+00	  +3.0000000000000000E+01	  +5.0000000000000000E+01	
  +2.6000000000000001E+00	  +3.0000000000000000E+01	  +5.0000000000000000E+01	
  +2.6499999999999999E+00	  +3.0000000000000000E+01	  +5.0000000000000000E+01	
  +2.7000000000000002E+00	  +3.0000000000000000E+01	  +5.0000000000000000E+01	
  +2.7500000000000000E+00	  +3.0000000000000000E+01	  +5.0000000000000000E+01	
  +2.7999999999999998E+00	  +3.0000000000000000E+01	  +5.0000000000000000E+01	
  +2.8500000000000001E+00	  +3.0000000000000000E+01	  +5.0000000000000000E+01	
  +2.8999999999999999E+00	  +3.0000000000000000E+01	  +5.0000000000000000E+01	
  +2.9500000000000002E+00	  +3.0000000000000000E+01	  +5.0000000000000000E+01	
  +3.0000000000000000E+00	  +3.0000000000000000E+01	  +5.0000000000000000E+01	
  +3.0499999999999998E+00	  +3.0000000000000000E+01	  +5.0000000000000000E+01	
  +3.1000000000000001E+00	  +3.0000000000000000E+01	  +5.0000000000000000E+01	
  +3.1499999999999999E+00	  +3.0000000000000000E+01	  +5.0000000000000000E+01	
  +3.2000000000000002E+00	  +3.0000000000000000E+01	  +5.0000000000000000E+01	
  +3.2500000000000000E+00	  +3.0000000000000000E+01	  +5.0000000000000000E+01	
  +3.2999999999999998E+00	  +3.0000000000000000E+01	  +5.0000000000000000E+01	
  +3.3500000000000001E+00	  +3.0000000000000000E+01	  +5.0000000000000000E+01	
  +3.3999999999999999E+00	  +3.0000000000000000E+01	  +5.0000000000000000E+01	
  +3.4500000000000002E+00	  +3.0000000000000000E+01	  +5.0000000000000000E+01	
  +3.5000000000000000E+00	  +3.0000000000000000E+01	  +5.0000000000000000E+01	
  +3.5499999999999998E+00	  +3.0000000000000000E+01	  +5.0000000000000000E+01	
  +3.6000000000000001E+00	  +3.0000000000000000E+01	  +5.0000000000000000E+01	
  +3.6499999999999999E+00	  +3.0000000000000000E+01	  +5.0000000000000000E+01	
  +3.7000000000000002E+00	  +3.0000000000000000E+01	  +5.0000000000000000E+01	
  +3.7500000000000000E+00	  +3.0000000000000000E+01	  +5.0000000000000000E+01	
  +3.7999999999999998E+00	  +3.0000000000000000E+01	  +5.0000000000000000E+01	
  +3.8500000000000001E+00	  +3.0000000000000000E+01	  +5.0000000000000000E+01	
  +3.8999999999999999E+00	  +3.0000000000000000E+01	  +5.0000000000000000E+01	
  +3.9500000000000002E+00	  +3.0000000000000000E+01	  +5.0000000000000000E+01	
  +4.0000000000000000E+00	  +3.0000000000000000E+01	  +5.0000000000000000E+01	
  +4.0499999999999998E+00	  +3.0000000000000000E+01	  +5.0000000000000000E+01	
  +4.0999999999999996E+00	  +3.0000000000000000E+01	  +5.0000000000000000E+01	
  +4.1500000000000004E+00	  +3.0000000000000000E+01	  +5.0000000000000000E+01	
  +4.2000000000000002E+00	  +3.0000000000000000E+01	  +5.0000000000000000E+01	
  +4.2500000000000000E+00	  +3.0000000000000000E+01	  +5.0000000000000000E+01	
  +4.2999999999999998E+00	  +3.0000000000000000E+01	  +5.0000000000000000E+01	
  +4.3499999999999996E+00	  +3.0000000000000000E+01	  +5.0000000000000000E+01	
  +4.4000000000000004E+00	  +3.0000000000000000E+01	  +5.0000000000000000E+01	
  +4.4500000000000002E+00	  +3.0000000000000000E+01	  +5.0000000000000000E+01	
  +4.5000000000000000E+00	  +3.0000000000000000E+01	  +5.0000000000000000E+01	
  +4.5499999999999998E+00	  +3.0000000000000000E+01	  +5.0000000000000000E+01	
  +4.5999999999999996E+00	  +3.0000000000000000E+01	  +5.0000000000000000E+01	
  +4.6500000000000004E+00	  +3.0000000000000000E+01	  +5.0000000000000000E+01	
  +4.7000000000000002E+00	  +3.0000000000000000E+01	  +5.0000000000000000E+01	
  +4.7500000000000000E+00	  +3.0000000000000000E+01	  +5.0000000000000000E+01	
  +4.7999999999999998E+00	  +3.0000000000000000E+01	  +5.0000000000000000E+01	
  +4.8499999999999996E+00	  +3.0000000000000000E+01	  +5.0000000000000000E+01	
  +4.9000000000000004E+00	  +3.0000000000000000E+01	  +5.0000000000000000E+01	
  +4.9500000000000002E+00	  +3.0000000000000000E+01	  +5.0000000000000000E+01	
  +5.0000000000000000E+00	  +3.0000000000000000E+01	  +5.0000000000000000E+01	
  +5.0499999999999998E+00	  +3.0000000000000000E+01	  +5.0000000000000000E+01	
  +5.0999999999999996E+00	  +3.0000000000000000E+01	  +5.0000000000000000E+01	
  +5.1500000000000004E+00	  +3.0000000000000000E+01	  +5.0000000000000000E+01	
  +5.2000000000000002E+00	  +3.0000000000000000E+01	  +5.0000000000000000E+01	
  +5.2500000000000000E+00	  +3.0000000000000000E+01	  +5.0000000000000000E+01	
  +5.2999999999999998E+00	  +3.0000000000000000E+01	  +5.0000000000000000E+01	
  +5.3499999999999996E+00	  +3.0000000000000000E+01	  +5.0000000000000000E+01	
  +5.4000000000000004E+00	  +3.0000000000000000E+01	  +5.0000000000000000E+01	
  +5.4500000000000002E+00	  +3.0000000000000000E+01	  +5.0000000000000000E+01	
  +5.5000000000000000E+00	  +3.0000000000000000E+01	  +5.0000000000000000E+01	
  +5.5499999999999998E+00	  +3.0000000000000000E+01	  +5.0000000000000000E+01	
  +5.5999999999999996E+00	  +3.0000000000000000E+01	  +5.0000000000000000E+01	
  +5.6500000000000004E+00	  +3.0000000000000000E+01	  +5.0000000000000000E+01	
  +5.7000000000000002E+00	  +3.0000000000000000E+01	  +5.0000000000000000E+01	
  +5.7500000000000000E+00	  +3.0000000000000000E+01	  +5.0000000000000000E+01	
  +5.7999999999999998E+00	  +3.0000000000000000E+01	  +5.0000000000000000E+01	
  +5.8499999999999996E+00	  +3.0000000000000000E+01	  +5.0000000000000000E+01	
  +5.9000000000000004E+00	  +3.0000000000000000E+01	  +5.0000000000000000E+01	
  +5.9500000000000002E+00	  +3.0000000000000000E+01	  +5.0000000000000000E+01	
  +6.0000000000000000E+00	  +3.0000000000000000E+01	  +5.0000000000000000E+01	
  +6.0499999999999998E+00	  +3.0000000000000000E+01	  +5.0000000000000000E+01	
  +6.0999999999999996E+00	  +3.0000000000000000E+01	  +5.0000000000000000E+01	
  +6.1500000000000004E+00	  +3.0000000000000000E+01	  +5.0000000000000000E+01	
  +6.2000000000000002E+00	  +3.0000000000000000E+01	  +5.0000000000000000E+01	
  +6.2500000000000000E+00	  +3.0000000000000000E+01	  +5.0000000000000000E+01	
  +6.2999999999999998E+00	  +3.0000000000000000E+01	  +5.0000000000000000E+01	
  +6.3499999999999996E+00	  +3.0000000000000000E+01	  +5.0000000000000000E+01	
  +6.4000000000000004E+00	  +3.0000000000000000E+01	  +5.0000000000000000E+01	
  +6.4500000000000002E+00	  +3.0000000000000000E+01	  +5.0000000000000000E+01	
  +6.5000000000000000E+00	  +3.0000000000000000E+01	  +5.0000000000000000E+01	
  +6.5499999999999998E+00	  +3.0000000000000000E+01	  +5.0000000000000000E+01	
  +6.5999999999999996E+00	  +3.0000000000000000E+01	  +5.0000000000000000E+01	
  +6.6500000000000004E+00	  +3.0000000000000000E+01	  +5.0000000000000000E+01	
  +6.7000000000000002E+00	  +3.0000000000000000E+01	  +5.0000000000000000E+01	
  +6.7500000000000000E+00	  +3.0000000000000000E+01	  +5.0000000000000000E+01	
  +6.7999999999999998E+00	  +3.0000000000000000E+01	  +5.0000000000000000E+01	
  +6.8499999999999996E+00	  +3.0000000000000000E+01	  +5.0000000000000000E+01	
  +6.9000000000000004E+00	  +3.0000000000000000E+01	  +5.0000000000000000E+01	
  +6.9500000000000002E+00	  +3.0000000000000000E+01	  +5.0000000000000000E+01	
  +7.0000000000000000E+00	  +3.0000000000000000E+01	  +5.0000000000000000E+01	
  +7.0499999999999998E+00	  +3.0000000000000000E+01	  +5.0000000000000000E+01	
  +7.0999999999999996E+00	  +3.0000000000000000E+01	  +5.0000000000000000E+01	
  +7.1500000000000004E+00	  +3.0000000000000000E+01	  +5.0000000000000000E+01	
  +7.2000000000000002E+00	  +3.0000000000000000E+01	  +5.0000000000000000E+01	
  +7.2500000000000000E+00	  +3.0000000000000000E+01	  +5.0000000000000000E+01	
  +7.2999999999999998E+00	  +3.0000000000000000E+01	  +5.0000000000000000E+01	
  +7.3499999999999996E+00	  +3.0000000000000000E+01	  +5.0000000000000000E+01	
  +7.4000000000000004E+00	  +3.0000000000000000E+01	  +5.0000000000000000E+01	
  +7.4500000000000002E+00	  +3.0000000000000000E+01	  +5.0000000000000000E+01	
  +7.5000000000000000E+00	  +3.0000000000000000E+01	  +5.0000000000000000E+01	
  +7.5499999999999998E+00	  +3.0000000000000000E+01	  +5.0000000000000000E+01	
  +7.5999999999999996E+00	  +3.0000000000000000E+01	  +5.0000000000000000E+01	
  +7.6500000000000004E+00	  +3.0000000000000000E+01	  +5.0000000000000000E+01	
  +7.7000000000000002E+00	  +3.0000000000000000E+01	  +5.0000000000000000E+01	
  +7.7500000000000000E+00	  +3.0000000000000000E+01	  +5.0000000000000000E+01	
  +7.7999999999999998E+00	  +3.0000000000000000E+01	  +5.0000000000000000E+01	
  +7.8499999999999996E+00	  +3.0000000000000000E+01	  +5.0000000000000000E+01	
  +7.9000000000000004E+00	  +3.0000000000000000E+01	  +5.0000000000000000E+01	
  +7.9500000000000002E+00	  +3.0000000000000000E+01	  +5.0000000000000000E+01	
  +8.0000000000000000E+00	  +3.0000000000000000E+01	  +5.0000000000000000E+01	
  +8.0500000000000007E+00	  +3.0000000000000000E+01	  +5.0000000000000000E+01	
  +8.0999999999999996E+00	  +3.0000000000000000E+01	  +5.0000000000000000E+01	
  +8.1500000000000004E+00	  +3.0000000000000000E+01	  +5.0000000000000000E+01	
  +8.1999999999999993E+00	  +3.0000000000000000E+01	  +5.0000000000000000E+01	
  +8.2500000000000000E+00	  +3.0000000000000000E+01	  +5.0000000000000000E+01	
  +8.3000000000000007E+00	  +3.0000000000000000E+01	  +5.0000000000000000E+01	
  +8.3499999999999996E+00	  +3.0000000000000000E+01	  +5.0000000000000000E+01	
  +8.4000000000000004E+00	  +3.0000000000000000E+01	  +5.0000000000000000E+01	
  +8.4499999999999993E+00	  +3.0000000000000000E+01	  +5.0000000000000000E+01	
  +8.5000000000000000E+00	  +3.0000000000000000E+01	  +5.0000000000000000E+01	
  +8.5500000000000007E+00	  +3.0000000000000000E+01	  +5.0000000000000000E+01	
  +8.5999999999999996E+00	  +3.0000000000000000E+01	  +5.0000000000000000E+01	
  +8.6500000000000004E+00	  +3.0000000000000000E+01	  +5.0000000000000000E+01	
  +8.6999999999999993E+00	  +3.0000000000000000E+01	  +5.0000000000000000E+01	
  +8.7500000000000000E+00	  +3.0000000000000000E+01	  +5.0000000000000000E+01	
  +8.8000000000000007E+00	  +3.0000000000000000E+01	  +5.0000000000000000E+01	
  +8.8499999999999996E+00	  +3.0000000000000000E+01	  +5.0000000000000000E+01	
  +8.9000000000000004E+00	  +3.0000000000000000E+01	  +5.0000000000000000E+01	
  +8.9499999999999993E+00	  +3.0000000000000000E+01	  +5.0000000000000000E+01	
  +9.0000000000000000E+00	  +3.0000000000000000E+01	  +1.0000000000000000E+02	
  +9.0500000000000007E+00	  +3.0000000000000000E+01	  +1.0000000000000000E+02	
  +9.0999999999999996E+00	  +3.0000000000000000E+01	  +1.0000000000000000E+02	
  +9.1500000000000004E+00	  +3.0000000000000000E+01	  +1.0000000000000000E+02	
  +9.1999999999999993E+00	  +3.0000000000000000E+01	  +1.0000000000000000E+02	
  +9.2500000000000000E+00	  +3.0000000000000000E+01	  +1.0000000000000000E+02	
  +9.3000000000000007E+00	  +3.0000000000000000E+01	  +1.0000000000000000E+02	
  +9.3499999999999996E+00	  +3.0000000000000000E+01	  +1.0000000000000000E+02	
  +9.4000000000000004E+00	  +3.0000000000000000E+01	  +1.0000000000000000E+02	
  +9.4499999999999993E+00	  +3.0000000000000000E+01	  +1.0000000000000000E+02	
  +9.5000000000000000E+00	  +3.0000000000000000E+01	  +1.0000000000000000E+02	
  +9.5500000000000007E+00	  +3.0000000000000000E+01	  +1.0000000000000000E+02	
  +9.5999999999999996E+00	  +3.0000000000000000E+01	  +1.0000000000000000E+02	
  +9.6500000000000004E+00	  +3.0000000000000000E+01	  +1.0000000000000000E+02	
  +9.6999999999999993E+00	  +3.0000000000000000E+01	  +1.0000000000000000E+02	
  +9.7500000000000000E+00	  +3.0000000000000000E+01	  +1.0000000000000000E+02	
  +9.8000000000000007E+00	  +3.0000000000000000E+01	  +1.0000000000000000E+02	
  +9.8499999999999996E+00	  +3.0000000000000000E+01	  +1.0000000000000000E+02	
  +9.9000000000000004E+00	  +3.0000000000000000E+01	  +1.0000000000000000E+02	
  +9.9499999999999993E+00	  +3.0000000000000000E+01	  +1.0000000000000000E+02	
  +1.0000000000000000E+01	  +3.0000000000000000E+01	  +1.0000000000000000E+02	
  +1.0050000000000001E+01	  +3.0000000000000000E+01	  +1.0000000000000000E+02	
  +1.0100000000000000E+01	  +3.0000000000000000E+01	  +1.0000000000000000E+02	
  +1.0150000000000000E+01	  +3.0000000000000000E+01	  +1.0000000000000000E+02	
  +1.0199999999999999E+01	  +3.0000000000000000E+01	  +1.0000000000000000E+02	
  +1.0250000000000000E+01	  +3.0000000000000000E+01	  +1.0000000000000000E+02	
  +1.0300000000000001E+01	  +3.0000000000000000E+01	  +1.0000000000000000E+02	
  +1.0350000000000000E+01	  +3.0000000000000000E+01	  +1.0000000000000000E+02	
  +1.0400000000000000E+01	  +3.0000000000000000E+01	  +1.0000000000000000E+02	
  +1.0449999999999999E+01	  +3.0000000000000000E+01	  +1.0000000000000000E+02	
  +1.0500000000000000E+01	  +3.0000000000000000E+01	  +1.0000000000000000E+02	
  +1.0550000000000001E+01	  +3.0000000000000000E+01	  +1.0000000000000000E+02	
  +1.0600000000000000E+01	  +3.0000000000000000E+01	  +1.0000000000000000E+02	
  +1.0650000000000000E+01	  +3.0000000000000000E+01	  +1.0000000000000000E+02	
  +1.0699999999999999E+01	  +3.0000000000000000E+01	  +1.0000000000000000E+02	
  +1.0750000000000000E+01	  +3.0000000000000000E+01	  +1.0000000000000000E+02	
  +1.0800000000000001E+01	  +3.0000000000000000E+01	  +1.0000000000000000E+02	
  +1.0850000000000000E+01	  +3.0000000000000000E+01	  +1.0000000000000000E+02	
  +1.0900000000000000E+01	  +3.0000000000000000E+01	  +1.0000000000000000E+02	
  +1.0949999999999999E+01	  +3.0000000000000000E+01	  +1.0000000000000000E+02	
  +1.1000000000000000E+01	  +3.0000000000000000E+01	  +1.0000000000000000E+02	
  +1.1050000000000001E+01	  +3.0000000000000000E+01	  +1.0000000000000000E+02	
  +1.1100000000000000E+01	  +3.0000000000000000E+01	  +1.0000000000000000E+02	
  +1.1150000000000000E+01	  +3.0000000000000000E+01	  +1.0000000000000000E+02	
  +1.1199999999999999E+01	  +3.0000000000000000E+01	  +1.0000000000000000E+02	
  +1.1250000000000000E+01	  +3.0000000000000000E+01	  +1.0000000000000000E+02	
  +1.1300000000000001E+01	  +3.0000000000000000E+01	  +1.0000000000000000E+02	
  +1.1350000000000000E+01	  +3.0000000000000000E+01	  +1.0000000000000000E+02	
  +1.1400000000000000E+01	  +3.0000000000000000E+01	  +1.0000000000000000E+02	
  +1.1449999999999999E+01	  +3.0000000000000000E+01	  +1.0000000000000000E+02	
  +1.1500000000000000E+01	  +3.0000000000000000E+01	  +1.0000000000000000E+02	
  +1.1550000000000001E+01	  +3.0000000000000000E+01	  +1.0000000000000000E+02	
  +1.1600000000000000E+01	  +3.0000000000000000E+01	  +1.0000000000000000E+02	
  +1.1650000000000000E+01	  +3.0000000000000000E+01	  +1.0000000000000000E+02	
  +1.1699999999999999E+01	  +3.0000000000000000E+01	  +1.0000000000000000E+02	
  +1.1750000000000000E+01	  +3.0000000000000000E+01	  +1.0000000000000000E+02	
  +1.1800000000000001E+01	  +3.0000000000000000E+01	  +1.0000000000000000E+02	
  +1.1850000000000000E+01	  +3.0000000000000000E+01	  +1.0000000000000000E+02	
  +1.1900000000000000E+01	  +3.0000000000000000E+01	  +1.0000000000000000E+02	
  +1.1949999999999999E+01	  +3.0000000000000000E+01	  +1.0000000000000000E+02	
  +1.2000000000000000E+01	  +3.0000000000000000E+01	  +1.0000000000000000E+02	
  +1.2050000000000001E+01	  +3.0000000000000000E+01	  +1.0000000000000000E+02	
  +1.2100000000000000E+01	  +3.0000000000000000E+01	  +1.0000000000000000E+02	
  +1.2150000000000000E+01	  +3.0000000000000000E+01	  +1.0000000000000000E+02	
  +1.2199999999999999E+01	  +3.0000000000000000E+01	  +1.0000000000000000E+02	
  +1.2250000000000000E+01	  +3.0000000000000000E+01	  +1.0000000000000000E+02	
  +1.2300000000000001E+01	  +3.0000000000000000E+01	  +1.0000000000000000E+02	
  +1.2350000000000000E+01	  +3.0000000000000000E+01	  +1.0000000000000000E+02	
  +1.2400000000000000E+01	  +3.0000000000000000E+01	  +1.0000000000000000E+02	
  +1.2449999999999999E+01	  +3.0000000000000000E+01	  +1.0000000000000000E+02	
  +1.2500000000000000E+01	  +3.0000000000000000E+01	  +1.0000000000000000E+02	
  +1.2550000000000001E+01	  +3.0000000000000000E+01	  +1.0000000000000000E+02	
  +1.2600000000000000E+01	  +3.0000000000000000E+01	  +1.0000000000000000E+02	
  +1.2650000000000000E+01	  +3.0000000000000000E+01	  +1.0000000000000000E+02	
  +1.2699999999999999E+01	  +3.0000000000000000E+01	  +1.0000000000000000E+02	
  +1.2750000000000000E+01	  +3.0000000000000000E+01	  +1.0000000000000000E+02	
  +1.2800000000000001E+01	  +3.0000000000000000E+01	  +1.0000000000000000E+02	
  +1.2850000000000000E+01	  +3.0000000000000000E+01	  +1.0000000000000000E+02	
  +1.2900000000000000E+01	  +3.0000000000000000E+01	  +1.0000000000000000E+02	
  +1.2949999999999999E+01	  +3.0000000000000000E+01	  +1.0000000000000000E+02	
  +1.3000000000000000E+01	  +3.0000000000000000E+01	  +1.0000000000000000E+02	
  +1.3050000000000001E+01	  +3.0000000000000000E+01	  +1.0000000000000000E+02	
  +1.3100000000000000E+01	  +3.0000000000000000E+01	  +1.0000000000000000E+02	
  +1.3150000000000000E+01	  +3.0000000000000000E+01	  +1.0000000000000000E+02	
  +1.3199999999999999E+01	  +3.0000000000000000E+01	  +1.0000000000000000E+02	
  +1.3250000000000000E+01	  +3.0000000000000000E+01	  +1.0000000000000000E+02	
  +1.3300000000000001E+01	  +3.0000000000000000E+01	  +1.0000000000000000E+02	
  +1.3350000000000000E+01	  +3.0000000000000000E+01	  +1.0000000000000000E+02	
  +1.3400000000000000E+01	  +3.0000000000000000E+01	  +1.0000000000000000E+02	
  +1.3449999999999999E+01	  +3.0000000000000000E+01	  +1.0000000000000000E+02	
  +1.3500000000000000E+01	  +3.0000000000000000E+01	  +1.0000000000000000E+02	
  +1.3550000000000001E+01	  +3.0000000000000000E+01	  +1.0000000000000000E+02	
  +1.3600000000000000E+01	  +3.0000000000000000E+01	  +1.0000000000000000E+02	
  +1.3650000000000000E+01	  +3.0000000000000000E+01	  +1.0000000000000000E+02	
  +1.3699999999999999E+01	  +3.0000000000000000E+01	  +1.0000000000000000E+02	
  +1.3750000000000000E+01	  +3.0000000000000000E+01	  +1.0000000000000000E+02	
  +1.3800000000000001E+01	  +3.0000000000000000E+01	  +1.0000000000000000E+02	
  +1.3850000000000000E+01	  +3.0000000000000000E+01	  +1.0000000000000000E+02	
  +1.3900000000000000E+01	  +3.0000000000000000E+01	  +1.0000000000000000E+02	
  +1.3949999999999999E+01	  +3.0000000000000000E+01	  +1.0000000000000000E+02	
  +1.4000000000000000E+01	  +3.0000000000000000E+01	  +1.0000000000000000E+02	
  +1.4050000000000001E+01	  +3.0000000000000000E+01	  +1.0000000000000000E+02	
  +1.4100000000000000E+01	  +3.0000000000000000E+01	  +1.0000000000000000E+02	
  +1.4150000000000000E+01	  +3.0000000000000000E+01	  +1.0000000000000000E+02	
  +1.4199999999999999E+01	  +3.0000000000000000E+01	  +1.0000000000000000E+02	
  +1.4250000000000000E+01	  +3.0000000000000000E+01	  +1.0000000000000000E+02	
  +1.4300000000000001E+01	  +3.0000000000000000E+01	  +1.0000000000000000E+02	
  +1.4350000000000000E+01	  +3.0000000000000000E+01	  +1.0000000000000000E+02	
  +1.4400000000000000E+01	  +3.0000000000000000E+01	  +1.0000000000000000E+02	
  +1.4449999999999999E+01	  +3.0000000000000000E+01	  +1.0000000000000000E+02	
  +1.4500000000000000E+01	  +3.0000000000000000E+01	  +1.0000000000000000E+02	
  +1.4550000000000001E+01	  +3.0000000000000000E+01	  +1.0000000000000000E+02	
  +1.4600000000000000E+01	  +3.0000000000000000E+01	  +1.0000000000000000E+02	
  +1.4650000000000000E+01	  +3.0000000000000000E+01	  +1.0000000000000000E+02	
  +1.4699999999999999E+01	  +3.0000000000000000E+01	  +1.0000000000000000E+02	
  +1.4750000000000000E+01	  +3.0000000000000000E+01	  +1.0000000000000000E+02	
  +1.4800000000000001E+01	  +3.0000000000000000E+01	  +1.0000000000000000E+02	
  +1.4850000000000000E+01	  +3.0000000000000000E+01	  +1.0000000000000000E+02	
  +1.4900000000000000E+01	  +3.0000000000000000E+01	  +1.0000000000000000E+02	
  +1.4949999999999999E+01	  +3.0000000000000000E+01	  +1.0000000000000000E+02	
  +1.5000000000000000E+01	  +3.0000000000000000E+01	  +1.0000000000000000E+02	
  +1.5050000000000001E+01	  +3.0000000000000000E+01	  +1.0000000000000000E+02	
  +1.5100000000000000E+01	  +3.0000000000000000E+01	  +1.0000000000000000E+02	
  +1.5150000000000000E+01	  +3.0000000000000000E+01	  +1.0000000000000000E+02	
  +1.5199999999999999E+01	  +3.0000000000000000E+01	  +1.0000000000000000E+02	
  +1.5250000000000000E+01	  +3.0000000000000000E+01	  +1.0000000000000000E+02	
  +1.5300000000000001E+01	  +3.0000000000000000E+01	  +1.0000000000000000E+02	
  +1.5350000000000000E+01	  +3.0000000000000000E+01	  +1.0000000000000000E+02	
  +1.5400000000000000E+01	  +3.0000000000000000E+01	  +1.0000000000000000E+02	
  +1.5449999999999999E+01	  +3.0000000000000000E+01	  +1.0000000000000000E+02	
  +1.5500000000000000E+01	  +3.0000000000000000E+01	  +1.0000000000000000E+02	
  +1.5550000000000001E+01	  +3.0000000000000000E+01	  +1.0000000000000000E+02	
  +1.5600000000000000E+01	  +3.0000000000000000E+01	  +1.0000000000000000E+02	
  +1.5650000000000000E+01	  +3.0000000000000000E+01	  +1.0000000000000000E+02	
  +1.5699999999999999E+01	  +3.0000000000000000E+01	  +1.0000000000000000E+02	
  +1.5750000000000000E+01	  +3.0000000000000000E+01	  +1.0000000000000000E+02	
  +1.5800000000000001E+01	  +3.0000000000000000E+01	  +1.0000000000000000E+02	
  +1.5850000000000000E+01	  +3.0000000000000000E+01	  +1.0000000000000000E+02	
  +1.5900000000000000E+01	  +3.0000000000000000E+01	  +1.0000000000000000E+02	
  +1.5949999999999999E+01	  +3.0000000000000000E+01	  +1.0000000000000000E+02	
  +1.6000000000000000E+01	  +3.0000000000000000E+01	  +1.0000000000000000E+02	
  +1.6050000000000001E+01	  +3.0000000000000000E+01	  +1.0000000000000000E+02	
  +1.6100000000000001E+01	  +3.0000000000000000E+01	  +1.0000000000000000E+02	
  +1.6149999999999999E+01	  +3.0000000000000000E+01	  +1.0000000000000000E+02	
  +1.6199999999999999E+01	  +3.0000000000000000E+01	  +1.0000000000000000E+02	
  +1.6250000000000000E+01	  +3.0000000000000000E+01	  +1.0000000000000000E+02	
  +1.6300000000000001E+01	  +3.0000000000000000E+01	  +1.0000000000000000E+02	
  +1.6350000000000001E+01	  +3.0000000000000000E+01	  +1.0000000000000000E+02	
  +1.6399999999999999E+01	  +3.0000000000000000E+01	  +1.0000000000000000E+02	
  +1.6449999999999999E+01	  +3.0000000000000000E+01	  +1.0000000000000000E+02	
  +1.6500000000000000E+01	  +3.0000000000000000E+01	  +1.0000000000000000E+02	
  +1.6550000000000001E+01	  +3.0000000000000000E+01	  +1.0000000000000000E+02	
  +1.6600000000000001E+01	  +3.0000000000000000E+01	  +1.0000000000000000E+02	
  +1.6649999999999999E+01	  +3.0000000000000000E+01	  +1.0000000000000000E+02	
  +1.6699999999999999E+01	  +3.0000000000000000E+01	  +1.0000000000000000E+02	
  +1.6750000000000000E+01	  +3.0000000000000000E+01	  +1.0000000000000000E+02	
  +1.6800000000000001E+01	  +3.0000000000000000E+01	  +1.0000000000000000E+02	
  +1.6850000000000001E+01	  +3.0000000000000000E+01	  +1.0000000000000000E+02	
  +1.6899999999999999E+01	  +3.0000000000000000E+01	  +1.0000000000000000E+02	
  +1.6949999999999999E+01	  +3.0000000000000000E+01	  +1.0000000000000000E+02	
  +1.7000000000000000E+01	  +3.0000000000000000E+01	  +1.0000000000000000E+02	
  +1.7050000000000001E+01	  +3.0000000000000000E+01	  +1.0000000000000000E+02	
  +1.7100000000000001E+01	  +3.0000000000000000E+01	  +1.0000000000000000E+02	
  +1.7149999999999999E+01	  +3.0000000000000000E+01	  +1.0000000000000000E+02	
  +1.7199999999999999E+01	  +3.0000000000000000E+01	  +1.0000000000000000E+02	
  +1.7250000000000000E+01	  +3.0000000000000000E+01	  +1.0000000000000000E+02	
  +1.7300000000000001E+01	  +3.0000000000000000E+01	  +1.0000000000000000E+02	
  +1.7350000000000001E+01	  +3.0000000000000000E+01	  +1.0000000000000000E+02	
  +1.7399999999999999E+01	  +3.0000000000000000E+01	  +1.0000000000000000E+02	
  +1.7449999999999999E+01	  +3.0000000000000000E+01	  +1.0000000000000000E+02	
  +1.7500000000000000E+01	  +3.0000000000000000E+01	  +1.0000000000000000E+02	
  +1.7550000000000001E+01	  +3.0000000000000000E+01	  +1.0000000000000000E+02	
  +1.7600000000000001E+01	  +3.0000000000000000E+01	  +1.0000000000000000E+02	
  +1.7649999999999999E+01	  +3.0000000000000000E+01	  +1.0000000000000000E+02	
  +1.7699999999999999E+01	  +3.0000000000000000E+01	  +1.0000000000000000E+02	
  +1.7750000000000000E+01	  +3.0000000000000000E+01	  +1.0000000000000000E+02	
  +1.7800000000000001E+01	  +3.0000000000000000E+01	  +1.0000000000000000E+02	
  +1.7850000000000001E+01	  +3.0000000000000000E+01	  +1.0000000000000000E+02	
  +1.7899999999999999E+01	  +3.0000000000000000E+01	  +1.0000000000000000E+02	
  +1.7949999999999999E+01	  +3.0000000000000000E+01	  +1.0000000000000000E+02	
  +1.8000000000000000E+01	  +3.0000000000000000E+01	  +1.0000000000000000E+02	
  +1.8050000000000001E+01	  +3.0000000000000000E+01	  +1.0000000000000000E+02	
  +1.8100000000000001E+01	  +3.0000000000000000E+01	  +1.0000000000000000E+02	
  +1.8149999999999999E+01	  +3.0000000000000000E+01	  +1.0000000000000000E+02	
  +1.8199999999999999E+01	  +3.0000000000000000E+01	  +1.0000000000000000E+02	
  +1.8250000000000000E+01	  +3.0000000000000000E+01	  +1.0000000000000000E+02	
  +1.8300000000000001E+01	  +3.0000000000000000E+01	  +1.0000000000000000E+02	
  +1.8350000000000001E+01	  +3.0000000000000000E+01	  +1.0000000000000000E+02	
  +1.8399999999999999E+01	  +3.0000000000000000E+01	  +1.0000000000000000E+02	
  +1.8449999999999999E+01	  +3.0000000000000000E+01	  +1.0000000000000000E+02	
  +1.8500000000000000E+01	  +3.0000000000000000E+01	  +1.0000000000000000E+02	
  +1.8550000000000001E+01	  +3.0000000000000000E+01	  +1.0000000000000000E+02	
  +1.8600000000000001E+01	  +3.0000000000000000E+01	  +1.0000000000000000E+02	
  +1.8649999999999999E+01	  +3.0000000000000000E+01	  +1.0000000000000000E+02	
  +1.8699999999999999E+01	  +3.0000000000000000E+01	  +1.0000000000000000E+02	
  +1.8750000000000000E+01	  +3.0000000000000000E+01	  +1.0000000000000000E+02	
  +1.8800000000000001E+01	  +3.0000000000000000E+01	  +1.0000000000000000E+02	
  +1.8850000000000001E+01	  +3.0000000000000000E+01	  +1.0000000000000000E+02	
  +1.8899999999999999E+01	  +3.0000000000000000E+01	  +1.0000000000000000E+02	
  +1.8949999999999999E+01	  +3.0000000000000000E+01	  +1.0000000000000000E+02	
  +1.9000000000000000E+01	  +3.0000000000000000E+01	  +1.0000000000000000E+02	
  +1.9050000000000001E+01	  +3.0000000000000000E+01	  +1.0000000000000000E+02	
  +1.9100000000000001E+01	  +3.0000000000000000E+01	  +1.0000000000000000E+02	
  +1.9149999999999999E+01	  +3.0000000000000000E+01	  +1.0000000000000000E+02	
  +1.9199999999999999E+01	  +3.0000000000000000E+01	  +1.0000000000000000E+02	
  +1.9250000000000000E+01	  +3.0000000000000000E+01	  +1.0000000000000000E+02	
  +1.9300000000000001E+01	  +3.0000000000000000E+01	  +1.0000000000000000E+02	
  +1.9350000000000001E+01	  +3.0000000000000000E+01	  +1.0000000000000000E+02	
  +1.9399999999999999E+01	  +3.0000000000000000E+01	  +1.0000000000000000E+02	
  +1.9449999999999999E+01	  +3.0000000000000000E+01	  +1.0000000000000000E+02	
  +1.9500000000000000E+01	  +3.0000000000000000E+01	  +1.0000000000000000E+02	
  +1.9550000000000001E+01	  +3.0000000000000000E+01	  +1.0000000000000000E+02	
  +1.9600000000000001E+01	  +3.0000000000000000E+01	  +1.0000000000000000E+02	
  +1.9649999999999999E+01	  +3.0000000000000000E+01	  +1.0000000000000000E+02	
  +1.9699999999999999E+01	  +3.0000000000000000E+01	  +1.0000000000000000E+02	
  +1.9750000000000000E+01	  +3.0000000000000000E+01	  +1.0000000000000000E+02	
  +1.9800000000000001E+01	  +3.0000000000000000E+01	  +1.0000000000000000E+02	
  +1.9850000000000001E+01	  +3.0000000000000000E+01	  +1.0000000000000000E+02	
  +1.9899999999999999E+01	  +3.0000000000000000E+01	  +1.0000000000000000E+02	
  +1.9949999999999999E+01	  +3.0000000000000000E+01	  +1.0000000000000000E+02	
  +2.0000000000000000E+01	  +3.0000000000000000E+01	  +1.0000000000000000E+02	
  +2.0050000000000001E+01	  +3.0000000000000000E+01	  +1.0000000000000000E+02	
  +2.0100000000000001E+01	  +3.0000000000000000E+01	  +1.0000000000000000E+02	
  +2.0149999999999999E+01	  +3.0000000000000000E+01	  +1.0000000000000000E+02	
  +2.0199999999999999E+01	  +3.0000000000000000E+01	  +1.0000000000000000E+02	
  +2.0250000000000000E+01	  +3.0000000000000000E+01	  +1.0000000000000000E+02	
  +2.0300000000000001E+01	  +3.0000000000000000E+01	  +1.0000000000000000E+02	
  +2.0350000000000001E+01	  +3.0000000000000000E+01	  +1.0000000000000000E+02	
  +2.0399999999999999E+01	  +3.0000000000000000E+01	  +1.0000000000000000E+02	
  +2.0449999999999999E+01	  +3.0000000000000000E+01	  +1.0000000000000000E+02	
  +2.0500000000000000E+01	  +3.0000000000000000E+01	  +1.0000000000000000E+02	
  +2.0550000000000001E+01	  +3.0000000000000000E+01	  +1.0000000000000000E+02	
  +2.0600000000000001E+01	  +3.0000000000000000E+01	  +1.0000000000000000E+02	
  +2.0649999999999999E+01	  +3.0000000000000000E+01	  +1.0000000000000000E+02	
  +2.0699999999999999E+01	  +3.0000000000000000E+01	  +1.0000000000000000E+02	
  +2.0750000000000000E+01	  +3.0000000000000000E+01	  +1.0000000000000000E+02	
  +2.0800000000000001E+01	  +3.0000000000000000E+01	  +1.0000000000000000E+02	
  +2.0850000000000001E+01	  +3.0000000000000000E+01	  +1.0000000000000000E+02	
  +2.0899999999999999E+01	  +3.0000000000000000E+01	  +1.0000000000000000E+02	
  +2.0949999999999999E+01	  +3.0000000000000000E+01	  +1.0000000000000000E+02	
  +2.1000000000000000E+01	  +3.0000000000000000E+01	  +1.0000000000000000E+02	
  +2.1050000000000001E+01	  +3.0000000000000000E+01	  +1.0000000000000000E+02	
  +2.1100000000000001E+01	  +3.0000000000000000E+01	  +1.0000000000000000E+02	
  +2.1149999999999999E+01	  +3.0000000000000000E+01	  +1.0000000000000000E+02	
  +2.1199999999999999E+01	  +3.0000000000000000E+01	  +1.0000000000000000E+02	
  +2.1250000000000000E+01	  +3.0000000000000000E+01	  +1.0000000000000000E+02	
  +2.1300000000000001E+01	  +3.0000000000000000E+01	  +1.0000000000000000E+02	
  +2.1350000000000001E+01	  +3.0000000000000000E+01	  +1.0000000000000000E+02	
  +2.1399999999999999E+01	  +3.0000000000000000E+01	  +1.0000000000000000E+02	
  +2.1449999999999999E+01	  +3.0000000000000000E+01	  +1.0000000000000000E+02	
  +2.1500000000000000E+01	  +3.0000000000000000E+01	  +1.0000000000000000E+02	
  +2.1550000000000001E+01	  +3.0000000000000000E+01	  +1.0000000000000000E+02	
  +2.1600000000000001E+01	  +3.0000000000000000E+01	  +1.0000000000000000E+02	
  +2.1649999999999999E+01	  +3.0000000000000000E+01	  +1.0000000000000000E+02	
  +2.1699999999999999E+01	  +3.0000000000000000E+01	  +1.0000000000000000E+02	
  +2.1750000000000000E+01	  +3.0000000000000000E+01	  +1.0000000000000000E+02	
  +2.1800000000000001E+01	  +3.0000000000000000E+01	  +1.0000000000000000E+02	
  +2.1850000000000001E+01	  +3.0000000000000000E+01	  +1.0000000000000000E+02	
  +2.1899999999999999E+01	  +3.0000000000000000E+01	  +1.0000000000000000E+02	
  +2.1949999999999999E+01	  +3.0000000000000000E+01	  +1.0000000000000000E+02	
  +2.2000000000000000E+01	  +3.0000000000000000E+01	  +1.0000000000000000E+02	
  +2.2050000000000001E+01	  +3.0000000000000000E+01	  +1.0000000000000000E+02	
  +2.2100000000000001E+01	  +3.0000000000000000E+01	  +1.0000000000000000E+02	
  +2.2149999999999999E+01	  +3.0000000000000000E+01	  +1.0000000000000000E+02	
  +2.2199999999999999E+01	  +3.0000000000000000E+01	  +1.0000000000000000E+02	
  +2.2250000000000000E+01	  +3.0000000000000000E+01	  +1.0000000000000000E+02	
  +2.2300000000000001E+01	  +3.0000000000000000E+01	  +1.0000000000000000E+02	
  +2.2350000000000001E+01	  +3.0000000000000000E+01	  +1.0000000000000000E+02	
  +2.2399999999999999E+01	  +3.0000000000000000E+01	  +1.0000000000000000E+02	
  +2.2449999999999999E+01	  +3.0000000000000000E+01	  +1.0000000000000000E+02	
  +2.2500000000000000E+01	  +3.0000000000000000E+01	  +1.0000000000000000E+02	
  +2.2550000000000001E+01	  +3.0000000000000000E+01	  +1.0000000000000000E+02	
  +2.2600000000000001E+01	  +3.0000000000000000E+01	  +1.0000000000000000E+02	
  +2.2649999999999999E+01	  +3.0000000000000000E+01	  +1.0000000000000000E+02	
  +2.2699999999999999E+01	  +3.0000000000000000E+01	  +1.0000000000000000E+02	
  +2.2750000000000000E+01	  +3.0000000000000000E+01	  +1.0000000000000000E+02	
  +2.2800000000000001E+01	  +3.0000000000000000E+01	  +1.0000000000000000E+02	
  +2.2850000000000001E+01	  +3.0000000000000000E+01	  +1.0000000000000000E+02	
  +2.2899999999999999E+01	  +3.0000000000000000E+01	  +1.0000000000000000E+02	
  +2.2949999999999999E+01	  +3.0000000000000000E+01	  +1.0000000000000000E+02	
  +2.3000000000000000E+01	  +3.0000000000000000E+01	  +5.0000000000000000E+01	
  +2.3050000000000001E+01	  +3.0000000000000000E+01	  +5.0000000000000000E+01	
  +2.3100000000000001E+01	  +3.0000000000000000E+01	  +5.0000000000000000E+01	
  +2.3149999999999999E+01	  +3.0000000000000000E+01	  +5.0000000000000000E+01	
  +2.3199999999999999E+01	  +3.0000000000000000E+01	  +5.0000000000000000E+01	
  +2.3250000000000000E+01	  +3.0000000000000000E+01	  +5.0000000000000000E+01	
  +2.3300000000000001E+01	  +3.0000000000000000E+01	  +5.0000000000000000E+01	
  +2.3350000000000001E+01	  +3.0000000000000000E+01	  +5.0000000000000000E+01	
  +2.3399999999999999E+01	  +3.0000000000000000E+01	  +5.0000000000000000E+01	
  +2.3449999999999999E+01	  +3.0000000000000000E+01	  +5.0000000000000000E+01	
  +2.3500000000000000E+01	  +3.0000000000000000E+01	  +5.0000000000000000E+01	
  +2.3550000000000001E+01	  +3.0000000000000000E+01	  +5.0000000000000000E+01	
  +2.3600000000000001E+01	  +3.0000000000000000E+01	  +5.0000000000000000E+01	
  +2.3649999999999999E+01	  +3.0000000000000000E+01	  +5.0000000000000000E+01	
  +2.3699999999999999E+01	  +3.0000000000000000E+01	  +5.0000000000000000E+01	
  +2.3750000000000000E+01	  +3.0000000000000000E+01	  +5.0000000000000000E+01	
  +2.3800000000000001E+01	  +3.0000000000000000E+01	  +5.0000000000000000E+01	
  +2.3850000000000001E+01	  +3.0000000000000000E+01	  +5.0000000000000000E+01	
  +2.3899999999999999E+01	  +3.0000000000000000E+01	  +5.0000000000000000E+01	
  +2.3949999999999999E+01	  +3.0000000000000000E+01	  +5.0000000000000000E+01	
  +2.4000000000000000E+01	  +3.0000000000000000E+01	  +5.0000000000000000E+01	
